+5.0000000e+002 -6.4510217e+000 +1.8149060e+000
+5.0332660e+002 -5.9405389e+000 -1.2365457e+001
+5.0667535e+002 -5.5236797e+000 -2.0091734e+001
+5.1004639e+002 -5.9826159e+000 +9.9233932e+000
+5.1343982e+002 -7.0818410e+000 +2.5307484e+001
+5.1685583e+002 -7.6832170e+000 -1.8280752e+001
+5.2029462e+002 -5.9922123e+000 -1.0868461e+000
+5.2375623e+002 -5.8129816e+000 -1.7377081e+001
+5.2724091e+002 -7.4398899e+000 +4.8516951e+000
+5.3074878e+002 -8.0397215e+000 +1.2860787e+001
+5.3427997e+002 -6.0346980e+000 -1.2442154e+000
+5.3783466e+002 -4.8491883e+000 -1.0399129e+001
+5.4141296e+002 -6.9106150e+000 +3.2877930e+001
+5.4501514e+002 -5.5779061e+000 -3.5502849e+000
+5.4864124e+002 -2.6281469e+000 +4.9514928e+000
+5.5229144e+002 -2.7749932e+000 -3.1368830e+000
+5.5596594e+002 -5.9165492e+000 +1.3417969e+001
+5.5966492e+002 -5.5517459e+000 -8.5003738e+000
+5.6338849e+002 -9.0298109e+000 -1.2685019e+001
+5.6713684e+002 -7.1118689e+000 +4.6518788e+000
+5.7091016e+002 -6.7322745e+000 +1.2776514e+000
+5.7470850e+002 -7.1544414e+000 -3.8378665e-001
+5.7853217e+002 -7.0172610e+000 -1.6401651e+001
+5.8238129e+002 -5.9694233e+000 -2.3019774e+000
+5.8625598e+002 -7.1896453e+000 +3.2365487e+000
+5.9015649e+002 -7.1383572e+000 -5.5567985e+000
+5.9408295e+002 -7.1359673e+000 -5.7224464e+000
+5.9803552e+002 -7.1193814e+000 -1.4368737e+000
+6.0201434e+002 -7.6633439e+000 -7.3357797e+000
+6.0601971e+002 -6.7650580e+000 -1.0160213e+001
+6.1005170e+002 -6.7399426e+000 -1.0239004e-001
+6.1411047e+002 -6.9512868e+000 -4.0510473e+000
+6.1819629e+002 -7.0209274e+000 -4.2088718e+000
+6.2230927e+002 -6.9934549e+000 -1.9396493e+000
+6.2644965e+002 -6.7658262e+000 -1.5894320e+000
+6.3061755e+002 -7.1829767e+000 -2.4512246e+000
+6.3481317e+002 -5.7596393e+000 -6.2785621e+000
+6.3903674e+002 -7.1178842e+000 +7.3173708e-001
+6.4328839e+002 -6.9053102e+000 -4.2515602e+000
+6.4756836e+002 -6.8073745e+000 -3.1335380e+000
+6.5187677e+002 -7.0447555e+000 +3.0748544e+000
+6.5621387e+002 -6.9998302e+000 -9.2566385e+000
+6.6057977e+002 -4.7020783e+000 -4.2517362e+000
+6.6497473e+002 -6.3272161e+000 +1.2377631e+001
+6.6939899e+002 -6.7305193e+000 -4.7577057e+000
+6.7385266e+002 -7.2464209e+000 -7.5138335e+000
+6.7833594e+002 -6.4266262e+000 -5.2821226e+000
+6.8284906e+002 -5.9741082e+000 +4.4486263e-001
+6.8739221e+002 -6.6961112e+000 -8.0775177e-001
+6.9196558e+002 -6.7892690e+000 -3.7816823e+000
+6.9656940e+002 -6.7431397e+000 -7.4657226e+000
+7.0120380e+002 -7.0495543e+000 -1.0014732e+001
+7.0586908e+002 -6.8793764e+000 -4.3279681e+000
+7.1056537e+002 -7.3877153e+000 -9.6348029e-001
+7.1529291e+002 -7.1887078e+000 -4.1804433e+000
+7.2005194e+002 -9.6871061e+000 -7.9264793e+000
+7.2484259e+002 -5.2421875e+000 -6.3409362e+000
+7.2966510e+002 -7.5937819e+000 +3.9267681e+000
+7.3451971e+002 -7.8417797e+000 -2.0245178e+000
+7.3940668e+002 -5.2160902e+000 +7.3141460e+000
+7.4432611e+002 -8.0522366e+000 -1.5377192e+001
+7.4927826e+002 -6.8443098e+000 -3.0287335e+000
+7.5426337e+002 -8.6778326e+000 -2.1199658e+000
+7.5928168e+002 -7.7129507e+000 -9.3974838e+000
+7.6433331e+002 -6.6038733e+000 -5.5006757e+000
+7.6941858e+002 -6.3409886e+000 -1.9503405e+000
+7.7453772e+002 -6.7458038e+000 -7.3980012e+000
+7.7969086e+002 -6.8229575e+000 -4.1636777e+000
+7.8487836e+002 -6.6073632e+000 -3.8648498e-001
+7.9010028e+002 -6.6756139e+000 -6.7730465e+000
+7.9535699e+002 -7.5748253e+000 -5.1707397e+000
+8.0064868e+002 -6.6426764e+000 -5.9537597e+000
+8.0597559e+002 -6.9702358e+000 -1.5928683e-001
+8.1133795e+002 -7.3653030e+000 -5.0835748e+000
+8.1673596e+002 -7.2241855e+000 -5.2748156e+000
+8.2216986e+002 -6.6708865e+000 -4.3079205e+000
+8.2763995e+002 -7.8031621e+000 -2.3502555e+000
+8.3314642e+002 -6.6915421e+000 -2.3174341e+000
+8.3868951e+002 -6.5382953e+000 -7.7956157e+000
+8.4426953e+002 -7.6281490e+000 -5.9876018e+000
+8.4988660e+002 -7.0461211e+000 -4.7865043e+000
+8.5554108e+002 -7.6648235e+000 -6.5938253e+000
+8.6123322e+002 -7.1880312e+000 -1.0688435e+001
+8.6696320e+002 -8.0109863e+000 -1.2386038e+001
+8.7273126e+002 -8.1406527e+000 -4.1479406e+000
+8.7853778e+002 -6.9495258e+000 -3.9983964e+000
+8.8438287e+002 -7.3587413e+000 +1.0601659e+000
+8.9026685e+002 -7.8607697e+000 +3.7649460e+000
+8.9619000e+002 -7.1396651e+000 -6.0680332e+000
+9.0215253e+002 -7.2294798e+000 -1.0166783e+001
+9.0815479e+002 -7.8871694e+000 -9.5253220e+000
+9.1419690e+002 -7.1956820e+000 -3.3786395e+000
+9.2027930e+002 -7.6903300e+000 +6.0301375e-001
+9.2640210e+002 -6.8514056e+000 -6.3501816e+000
+9.3256567e+002 -6.7450328e+000 -8.9759558e-001
+9.3877020e+002 -7.0132694e+000 -6.1578536e+000
+9.4501605e+002 -7.1417441e+000 -1.4014722e+001
+9.5130347e+002 -7.2764120e+000 -2.0523651e+000
+9.5763269e+002 -6.8320112e+000 -7.4631338e+000
+9.6400403e+002 -6.6370978e+000 -6.7785916e+000
+9.7041779e+002 -6.4466777e+000 -1.1794600e+001
+9.7687415e+002 -6.9272895e+000 -6.2397542e+000
+9.8337354e+002 -7.0518126e+000 -5.6181288e+000
+9.8991614e+002 -6.9909334e+000 -1.6444000e+001
+9.9650226e+002 -7.3297124e+000 -6.3071518e+000
+1.0031322e+003 -7.4592814e+000 -8.1704550e+000
+1.0098063e+003 -6.6002979e+000 -2.2158279e+000
+1.0165247e+003 -7.0056100e+000 -4.8750629e+000
+1.0232879e+003 -6.1192131e+000 -2.3625860e+000
+1.0300961e+003 -6.3275490e+000 -1.0577565e+001
+1.0369495e+003 -6.8230281e+000 -4.6589537e+000
+1.0438485e+003 -6.0313501e+000 -1.4041962e+001
+1.0507936e+003 -6.4206715e+000 -5.6063724e+000
+1.0577847e+003 -6.9893289e+000 -7.3025475e+000
+1.0648224e+003 -8.0664921e+000 -1.0582268e+001
+1.0719069e+003 -6.9656401e+000 -1.0219435e+001
+1.0790385e+003 -7.2574196e+000 -6.0792046e+000
+1.0862175e+003 -6.0426726e+000 -3.8310547e+000
+1.0934445e+003 -6.5578771e+000 -4.5564914e+000
+1.1007194e+003 -5.9095988e+000 -3.5881376e+000
+1.1080427e+003 -5.9505243e+000 -9.6808462e+000
+1.1154147e+003 -6.3817129e+000 -1.8357740e+001
+1.1228358e+003 -8.4276409e+000 -7.7327976e+000
+1.1303063e+003 -6.2377467e+000 +3.0435210e-001
+1.1378265e+003 -7.0570726e+000 -1.3387985e+000
+1.1453967e+003 -6.5092139e+000 -9.7040329e+000
+1.1530172e+003 -6.8273349e+000 -4.4475160e+000
+1.1606886e+003 -6.6336279e+000 -1.1842134e+001
+1.1684109e+003 -7.2487860e+000 -1.1444243e+001
+1.1761846e+003 -7.0428615e+000 -6.9423599e+000
+1.1840100e+003 -5.5392194e+000 -1.2848872e+000
+1.1918875e+003 -7.2648935e+000 -1.3009434e+001
+1.1998174e+003 -7.2962141e+000 -6.1653078e-001
+1.2078000e+003 -6.8713989e+000 -3.9935315e+000
+1.2158357e+003 -6.6874328e+000 +7.7425741e-002
+1.2239249e+003 -7.3503714e+000 -1.0533485e+001
+1.2320680e+003 -6.7267022e+000 -9.0353804e+000
+1.2402653e+003 -6.9555249e+000 -6.3400784e+000
+1.2485170e+003 -7.5156021e+000 -6.7668080e+000
+1.2568236e+003 -7.9315701e+000 -1.4308338e+001
+1.2651855e+003 -6.9472499e+000 -7.3679705e+000
+1.2736031e+003 -6.9936447e+000 -8.2994041e+000
+1.2820767e+003 -6.5938187e+000 -1.1286046e+001
+1.2906067e+003 -6.9890890e+000 -9.0734863e+000
+1.2991934e+003 -6.8126369e+000 -1.2697010e+001
+1.3078372e+003 -6.6718211e+000 -6.7922421e+000
+1.3165385e+003 -6.4997473e+000 -1.0281650e+001
+1.3252977e+003 -8.2016287e+000 -2.5288898e+001
+1.3341152e+003 -6.1924186e+000 -1.6282631e+001
+1.3429913e+003 -6.5339165e+000 -9.3961926e+000
+1.3519266e+003 -7.8088369e+000 -1.2311387e+001
+1.3609213e+003 -7.4617224e+000 -1.3161691e+001
+1.3699757e+003 -7.0029960e+000 -9.4566975e+000
+1.3790905e+003 -7.3312087e+000 -1.2046934e+001
+1.3882659e+003 -7.6934853e+000 -1.1932393e+001
+1.3975023e+003 -6.3692818e+000 -9.1206236e+000
+1.4068003e+003 -6.3611546e+000 -1.2636868e+001
+1.4161600e+003 -6.9813070e+000 -9.8096132e+000
+1.4255820e+003 -6.9462972e+000 -9.2183647e+000
+1.4350668e+003 -6.8896041e+000 -3.4366267e+000
+1.4446145e+003 -6.9602346e+000 -1.0486328e+001
+1.4542258e+003 -7.5027966e+000 -8.4645586e+000
+1.4639011e+003 -6.8553205e+000 -9.5157518e+000
+1.4736409e+003 -7.6969228e+000 -9.7477570e+000
+1.4834453e+003 -7.3055902e+000 -8.7595530e+000
+1.4933149e+003 -6.4339499e+000 -1.1417279e+001
+1.5032504e+003 -7.0885072e+000 -9.5276442e+000
+1.5132518e+003 -7.4015093e+000 -1.4425184e+001
+1.5233198e+003 -8.3517675e+000 -1.0400830e+001
+1.5334547e+003 -6.5469222e+000 -1.7089239e+001
+1.5436572e+003 -7.4492717e+000 -1.1894241e+001
+1.5539275e+003 -7.1807957e+000 -9.7340832e+000
+1.5642661e+003 -6.6061964e+000 -7.8556895e+000
+1.5746735e+003 -7.1549354e+000 -8.7892628e+000
+1.5851501e+003 -7.2936277e+000 -1.1547370e+001
+1.5956965e+003 -6.8193188e+000 -1.2760593e+001
+1.6063130e+003 -7.0076060e+000 -1.0881491e+001
+1.6170001e+003 -6.9422665e+000 -9.0001268e+000
+1.6277584e+003 -6.9870410e+000 -1.0775867e+001
+1.6385883e+003 -7.4577670e+000 -8.5073090e+000
+1.6494901e+003 -7.0590906e+000 -1.1150739e+001
+1.6604646e+003 -7.0374641e+000 -1.0902483e+001
+1.6715120e+003 -7.0299811e+000 -1.1545564e+001
+1.6826329e+003 -6.7591510e+000 -1.2168577e+001
+1.6938279e+003 -7.0204425e+000 -1.0857385e+001
+1.7050973e+003 -7.1600266e+000 -7.5519271e+000
+1.7164417e+003 -7.2762027e+000 -1.0972091e+001
+1.7278616e+003 -7.0746751e+000 -1.1308456e+001
+1.7393574e+003 -7.0153928e+000 -1.2048863e+001
+1.7509297e+003 -6.5454798e+000 -1.2063957e+001
+1.7625791e+003 -7.0526977e+000 -1.1230302e+001
+1.7743059e+003 -7.0596676e+000 -7.8251801e+000
+1.7861107e+003 -7.3724427e+000 -1.0749670e+001
+1.7979941e+003 -7.1864100e+000 -1.1577065e+001
+1.8099565e+003 -7.0588384e+000 -1.3013231e+001
+1.8219987e+003 -7.2610006e+000 -1.1345142e+001
+1.8341207e+003 -7.0022125e+000 -1.1815825e+001
+1.8463236e+003 -6.5033698e+000 -9.9542761e+000
+1.8586075e+003 -6.8672609e+000 -1.1461874e+001
+1.8709733e+003 -7.0051498e+000 -1.1612387e+001
+1.8834213e+003 -7.2142072e+000 -1.2190450e+001
+1.8959521e+003 -7.3824344e+000 -1.2497024e+001
+1.9085663e+003 -7.5863295e+000 -1.2329222e+001
+1.9212644e+003 -7.0207043e+000 -1.2566183e+001
+1.9340470e+003 -7.2222295e+000 -1.1990999e+001
+1.9469147e+003 -7.2636657e+000 -1.1875958e+001
+1.9598679e+003 -7.3511567e+000 -1.1654814e+001
+1.9729073e+003 -7.0894184e+000 -1.3535167e+001
+1.9860336e+003 -7.0109715e+000 -1.4141494e+001
+1.9992471e+003 -6.8838429e+000 -1.4975948e+001
+2.0125485e+003 -7.1335015e+000 -1.2924220e+001
+2.0259384e+003 -6.2842298e+000 -1.5688281e+001
+2.0394174e+003 -6.6462855e+000 -1.3309307e+001
+2.0529861e+003 -7.1946926e+000 -1.3466599e+001
+2.0666450e+003 -7.2713714e+000 -1.7313005e+001
+2.0803950e+003 -7.3345904e+000 -1.2168853e+001
+2.0942363e+003 -7.2508831e+000 -1.3994247e+001
+2.1081697e+003 -7.4866567e+000 -9.1737127e+000
+2.1221958e+003 -7.4959278e+000 -1.5357204e+001
+2.1363152e+003 -7.1768103e+000 -1.3715171e+001
+2.1505286e+003 -7.2483959e+000 -1.4250245e+001
+2.1648364e+003 -6.6946464e+000 -1.1416536e+001
+2.1792397e+003 -7.4053988e+000 -1.5454575e+001
+2.1937385e+003 -7.1851811e+000 -1.4538488e+001
+2.2083340e+003 -7.1100125e+000 -1.4457916e+001
+2.2230266e+003 -7.0688386e+000 -1.3735654e+001
+2.2378169e+003 -7.2586069e+000 -1.2242699e+001
+2.2527056e+003 -7.4413586e+000 -1.3102217e+001
+2.2676934e+003 -6.9934549e+000 -1.4823030e+001
+2.2827808e+003 -7.2080026e+000 -1.4665655e+001
+2.2979688e+003 -7.2262130e+000 -1.4762756e+001
+2.3132576e+003 -7.0565248e+000 -1.4344069e+001
+2.3286482e+003 -7.0465975e+000 -1.7400263e+001
+2.3441411e+003 -7.2642007e+000 -1.5899759e+001
+2.3597373e+003 -7.2456441e+000 -1.5521908e+001
+2.3754370e+003 -7.7102833e+000 -1.4923384e+001
+2.3912415e+003 -6.9393172e+000 -1.5512431e+001
+2.4071509e+003 -7.3222899e+000 -1.5588471e+001
+2.4231663e+003 -7.2293458e+000 -1.5477747e+001
+2.4392881e+003 -7.2213469e+000 -1.5533555e+001
+2.4555171e+003 -7.1133776e+000 -1.6309370e+001
+2.4718542e+003 -7.1091132e+000 -1.3975512e+001
+2.4883000e+003 -7.1810060e+000 -1.5954499e+001
+2.5048552e+003 -6.7831602e+000 -1.5539687e+001
+2.5215205e+003 -7.3450556e+000 -1.6283716e+001
+2.5382969e+003 -7.3230238e+000 -1.6936256e+001
+2.5551846e+003 -7.1679387e+000 -1.7263760e+001
+2.5721848e+003 -7.5170555e+000 -1.7414982e+001
+2.5892981e+003 -7.3151565e+000 -1.6559910e+001
+2.6065254e+003 -7.3408470e+000 -1.5705601e+001
+2.6238672e+003 -7.1174908e+000 -1.6353008e+001
+2.6413242e+003 -7.1725955e+000 -1.7043779e+001
+2.6588977e+003 -6.9274769e+000 -1.7875252e+001
+2.6765879e+003 -7.0485792e+000 -1.7660175e+001
+2.6943958e+003 -7.0106106e+000 -1.7132156e+001
+2.7123223e+003 -7.2855916e+000 -1.7131094e+001
+2.7303679e+003 -7.3395619e+000 -1.7098738e+001
+2.7485337e+003 -7.2856073e+000 -1.6485584e+001
+2.7668203e+003 -7.5624843e+000 -1.7949396e+001
+2.7852285e+003 -7.2734928e+000 -1.7984947e+001
+2.8037593e+003 -7.6215487e+000 -1.7469423e+001
+2.8224133e+003 -7.4159660e+000 -1.7933643e+001
+2.8411914e+003 -7.3179364e+000 -1.6599709e+001
+2.8600945e+003 -7.2395425e+000 -1.8240749e+001
+2.8791233e+003 -7.3400211e+000 -1.8907024e+001
+2.8982788e+003 -7.3617949e+000 -1.9105244e+001
+2.9175615e+003 -7.3810229e+000 -1.6139626e+001
+2.9369729e+003 -7.5081253e+000 -1.7905478e+001
+2.9565132e+003 -7.4969335e+000 -1.9883965e+001
+2.9761836e+003 -7.0919480e+000 -1.9107126e+001
+2.9959846e+003 -7.4030042e+000 -1.9057823e+001
+3.0159177e+003 -7.4180546e+000 -1.9233538e+001
+3.0359832e+003 -7.3870325e+000 -1.9549509e+001
+3.0561824e+003 -7.4056163e+000 -1.9695772e+001
+3.0765156e+003 -7.3376560e+000 -1.9025206e+001
+3.0969844e+003 -7.4221907e+000 -2.0035904e+001
+3.1175894e+003 -7.7999401e+000 -1.9636684e+001
+3.1383313e+003 -7.3649325e+000 -1.9733793e+001
+3.1592114e+003 -7.4646211e+000 -1.9845970e+001
+3.1802302e+003 -7.4174175e+000 -2.0623291e+001
+3.2013892e+003 -7.4348269e+000 -2.0501396e+001
+3.2226887e+003 -7.4321551e+000 -2.1553160e+001
+3.2441299e+003 -7.6629047e+000 -2.0346634e+001
+3.2657139e+003 -7.4537668e+000 -2.0555622e+001
+3.2874414e+003 -7.4849420e+000 -2.0732874e+001
+3.3093135e+003 -7.5194979e+000 -2.0577908e+001
+3.3313311e+003 -7.5207620e+000 -2.0491592e+001
+3.3534951e+003 -7.4548378e+000 -2.0965147e+001
+3.3758066e+003 -7.4606624e+000 -2.1517349e+001
+3.3982666e+003 -7.3966093e+000 -2.2148283e+001
+3.4208760e+003 -7.5888152e+000 -2.1749176e+001
+3.4436360e+003 -7.6621346e+000 -2.1715307e+001
+3.4665471e+003 -7.5320978e+000 -2.2098110e+001
+3.4896108e+003 -7.4543815e+000 -2.1855757e+001
+3.5128281e+003 -7.6174698e+000 -2.2630505e+001
+3.5361997e+003 -7.5959039e+000 -2.2340500e+001
+3.5597268e+003 -7.5540352e+000 -2.2024965e+001
+3.5834104e+003 -7.5766444e+000 -2.2377550e+001
+3.6072517e+003 -7.5496254e+000 -2.2461935e+001
+3.6312515e+003 -7.6064377e+000 -2.2816978e+001
+3.6554109e+003 -7.6279488e+000 -2.2721243e+001
+3.6797312e+003 -7.5969057e+000 -2.2859335e+001
+3.7042134e+003 -7.6467953e+000 -2.3370890e+001
+3.7288582e+003 -7.5402460e+000 -2.2896231e+001
+3.7536672e+003 -7.6475024e+000 -2.4407951e+001
+3.7786411e+003 -7.5777946e+000 -2.3039951e+001
+3.8037813e+003 -7.6718879e+000 -2.3125223e+001
+3.8290886e+003 -7.6349125e+000 -2.3245907e+001
+3.8545645e+003 -7.6879101e+000 -2.3791904e+001
+3.8802097e+003 -7.6566873e+000 -2.4096729e+001
+3.9060256e+003 -7.6520481e+000 -2.4213219e+001
+3.9320132e+003 -7.6541772e+000 -2.4382708e+001
+3.9581738e+003 -7.6656184e+000 -2.3761509e+001
+3.9845083e+003 -7.6788507e+000 -2.4550083e+001
+4.0110183e+003 -7.7986097e+000 -2.5665661e+001
+4.0377043e+003 -7.7841058e+000 -2.4895233e+001
+4.0645681e+003 -7.6693864e+000 -2.5158844e+001
+4.0916106e+003 -7.8236189e+000 -2.5530912e+001
+4.1188330e+003 -7.7951670e+000 -2.5706034e+001
+4.1462363e+003 -7.8044162e+000 -2.5614876e+001
+4.1738223e+003 -7.7437220e+000 -2.5216618e+001
+4.2015918e+003 -7.7679176e+000 -2.6060986e+001
+4.2295459e+003 -7.8236885e+000 -2.5410971e+001
+4.2576860e+003 -7.8201637e+000 -2.5956322e+001
+4.2860132e+003 -7.9037347e+000 -2.5919445e+001
+4.3145288e+003 -7.8847723e+000 -2.6334671e+001
+4.3432344e+003 -7.8884373e+000 -2.6591034e+001
+4.3721309e+003 -7.7579508e+000 -2.6972893e+001
+4.4012197e+003 -7.8477974e+000 -2.6469004e+001
+4.4305020e+003 -7.8739495e+000 -2.7116171e+001
+4.4599790e+003 -7.8499832e+000 -2.7002142e+001
+4.4896523e+003 -7.9223514e+000 -2.7371315e+001
+4.5195229e+003 -7.9000149e+000 -2.7038849e+001
+4.5495923e+003 -7.9548955e+000 -2.7749269e+001
+4.5798618e+003 -7.9664197e+000 -2.7839762e+001
+4.6103325e+003 -7.9129119e+000 -2.7993345e+001
+4.6410063e+003 -7.9920669e+000 -2.8180523e+001
+4.6718838e+003 -7.9257288e+000 -2.8539183e+001
+4.7029668e+003 -7.9400110e+000 -2.8363970e+001
+4.7342568e+003 -7.9549270e+000 -2.8888680e+001
+4.7657549e+003 -7.9667506e+000 -2.8773335e+001
+4.7974624e+003 -8.0260944e+000 -2.8895336e+001
+4.8293813e+003 -8.0053349e+000 -2.8933420e+001
+4.8615122e+003 -8.0246134e+000 -2.9222183e+001
+4.8938569e+003 -8.0831957e+000 -2.9104607e+001
+4.9264165e+003 -8.0765886e+000 -2.9416634e+001
+4.9591934e+003 -8.0912743e+000 -2.9609217e+001
+4.9921880e+003 -8.0621653e+000 -2.9594576e+001
+5.0254019e+003 -8.0949326e+000 -3.0031759e+001
+5.0588369e+003 -8.1519794e+000 -3.0139807e+001
+5.0924946e+003 -8.1421862e+000 -3.0574890e+001
+5.1263760e+003 -8.1508408e+000 -3.0252504e+001
+5.1604829e+003 -8.1689396e+000 -3.0608213e+001
+5.1948169e+003 -8.2017155e+000 -3.0965891e+001
+5.2293789e+003 -8.3020954e+000 -3.0890406e+001
+5.2641714e+003 -8.2326403e+000 -3.0912369e+001
+5.2991948e+003 -8.3039846e+000 -3.1402168e+001
+5.3344517e+003 -8.2988796e+000 -3.1186506e+001
+5.3699429e+003 -8.2825928e+000 -3.1751413e+001
+5.4056704e+003 -8.4534521e+000 -3.2034882e+001
+5.4416357e+003 -8.3523350e+000 -3.2179455e+001
+5.4778398e+003 -8.3789072e+000 -3.2274677e+001
+5.5142852e+003 -8.4122839e+000 -3.2331066e+001
+5.5509731e+003 -8.3696880e+000 -3.2325180e+001
+5.5879048e+003 -8.3766851e+000 -3.2739243e+001
+5.6250825e+003 -8.4890118e+000 -3.2882526e+001
+5.6625073e+003 -8.4922132e+000 -3.3319824e+001
+5.7001812e+003 -8.4622078e+000 -3.3178497e+001
+5.7381060e+003 -8.4822226e+000 -3.3410435e+001
+5.7762827e+003 -8.4848232e+000 -3.3460777e+001
+5.8147134e+003 -8.5272627e+000 -3.4125805e+001
+5.8533999e+003 -8.5657053e+000 -3.3782738e+001
+5.8923442e+003 -8.5756083e+000 -3.3741932e+001
+5.9315474e+003 -8.6436234e+000 -3.4228943e+001
+5.9710112e+003 -8.6640472e+000 -3.4763428e+001
+6.0107373e+003 -8.6800070e+000 -3.4642799e+001
+6.0507280e+003 -8.6811771e+000 -3.4799732e+001
+6.0909849e+003 -8.7678852e+000 -3.5021523e+001
+6.1315098e+003 -8.7108040e+000 -3.5208656e+001
+6.1723042e+003 -8.7033005e+000 -3.5426487e+001
+6.2133696e+003 -8.7496357e+000 -3.5568039e+001
+6.2547085e+003 -8.7260103e+000 -3.5442753e+001
+6.2963228e+003 -8.7489061e+000 -3.6142597e+001
+6.3382134e+003 -8.6596298e+000 -3.6212078e+001
+6.3803828e+003 -8.8781548e+000 -3.6234581e+001
+6.4228330e+003 -8.7682095e+000 -3.6278923e+001
+6.4655654e+003 -8.7761297e+000 -3.6652824e+001
+6.5085825e+003 -8.8831425e+000 -3.6537399e+001
+6.5518853e+003 -8.8701506e+000 -3.6570236e+001
+6.5954766e+003 -8.8555975e+000 -3.7084438e+001
+6.6393579e+003 -8.9299736e+000 -3.7952366e+001
+6.6835308e+003 -8.8977327e+000 -3.7579575e+001
+6.7279980e+003 -8.9180326e+000 -3.7746471e+001
+6.7727607e+003 -9.0056324e+000 -3.7833435e+001
+6.8178213e+003 -9.0111971e+000 -3.8060925e+001
+6.8631821e+003 -8.9913073e+000 -3.8189236e+001
+6.9088442e+003 -9.0084076e+000 -3.8443958e+001
+6.9548101e+003 -9.0554228e+000 -3.8490273e+001
+7.0010820e+003 -9.0248470e+000 -3.8777470e+001
+7.0476616e+003 -9.0647240e+000 -3.8862926e+001
+7.0945513e+003 -9.0862951e+000 -3.9172249e+001
+7.1417529e+003 -9.1155357e+000 -3.9419651e+001
+7.1892686e+003 -9.1437082e+000 -3.9489975e+001
+7.2371006e+003 -9.1650629e+000 -3.9635868e+001
+7.2852505e+003 -9.2054453e+000 -3.9850948e+001
+7.3337212e+003 -9.2051334e+000 -4.0055603e+001
+7.3825137e+003 -9.2230330e+000 -4.0220539e+001
+7.4316313e+003 -9.2463188e+000 -4.0571526e+001
+7.4810757e+003 -9.3035231e+000 -4.0670181e+001
+7.5308486e+003 -9.3044090e+000 -4.0950741e+001
+7.5809531e+003 -9.3086910e+000 -4.1126251e+001
+7.6313911e+003 -9.3582869e+000 -4.1139545e+001
+7.6821646e+003 -9.3519878e+000 -4.1385590e+001
+7.7332754e+003 -9.3896160e+000 -4.1670692e+001
+7.7847266e+003 -9.4231949e+000 -4.1806419e+001
+7.8365200e+003 -9.4335613e+000 -4.2037884e+001
+7.8886582e+003 -9.4670038e+000 -4.2143082e+001
+7.9411431e+003 -9.5217419e+000 -4.2317120e+001
+7.9939775e+003 -9.5495825e+000 -4.2476639e+001
+8.0471631e+003 -9.5280752e+000 -4.2725910e+001
+8.1007026e+003 -9.5560646e+000 -4.2886124e+001
+8.1545986e+003 -9.5880470e+000 -4.3105370e+001
+8.2088525e+003 -9.6231289e+000 -4.3365475e+001
+8.2634678e+003 -9.6340952e+000 -4.3549900e+001
+8.3184473e+003 -9.6754723e+000 -4.3793781e+001
+8.3737910e+003 -9.7257977e+000 -4.3879890e+001
+8.4295039e+003 -9.7237349e+000 -4.4047485e+001
+8.4855869e+003 -9.7636366e+000 -4.4377865e+001
+8.5420439e+003 -9.7806234e+000 -4.4417835e+001
+8.5988760e+003 -9.8293123e+000 -4.4565765e+001
+8.6560859e+003 -9.8597107e+000 -4.4725273e+001
+8.7136768e+003 -9.8696089e+000 -4.4969120e+001
+8.7716514e+003 -9.9173756e+000 -4.5136448e+001
+8.8300107e+003 -9.9350233e+000 -4.5284580e+001
+8.8887588e+003 -9.9540253e+000 -4.5567650e+001
+8.9478975e+003 -1.0019946e+001 -4.5727810e+001
+9.0074297e+003 -1.0046889e+001 -4.5928589e+001
+9.0673584e+003 -1.0076368e+001 -4.6188671e+001
+9.1276855e+003 -1.0104259e+001 -4.6269348e+001
+9.1884141e+003 -1.0112783e+001 -4.6469204e+001
+9.2495469e+003 -1.0161861e+001 -4.6608971e+001
+9.3110859e+003 -1.0190317e+001 -4.6866741e+001
+9.3730342e+003 -1.0241945e+001 -4.7037289e+001
+9.4353955e+003 -1.0251868e+001 -4.7264256e+001
+9.4981709e+003 -1.0283026e+001 -4.7477673e+001
+9.5613643e+003 -1.0299231e+001 -4.7640152e+001
+9.6249785e+003 -1.0360970e+001 -4.7836727e+001
+9.6890156e+003 -1.0394999e+001 -4.8059563e+001
+9.7534785e+003 -1.0400787e+001 -4.8139877e+001
+9.8183711e+003 -1.0430297e+001 -4.8284660e+001
+9.8836943e+003 -1.0464093e+001 -4.8599216e+001
+9.9494531e+003 -1.0482868e+001 -4.8798603e+001
+1.0015648e+004 -1.0531072e+001 -4.8963966e+001
+1.0082285e+004 -1.0564112e+001 -4.9133797e+001
+1.0149365e+004 -1.0597663e+001 -4.9307343e+001
+1.0216891e+004 -1.0657969e+001 -4.9486282e+001
+1.0284866e+004 -1.0666657e+001 -4.9731712e+001
+1.0353294e+004 -1.0677505e+001 -4.9888023e+001
+1.0422176e+004 -1.0708864e+001 -5.0041492e+001
+1.0491518e+004 -1.0757798e+001 -5.0299667e+001
+1.0561319e+004 -1.0835411e+001 -5.0411530e+001
+1.0631587e+004 -1.0843729e+001 -5.0579895e+001
+1.0702320e+004 -1.0874804e+001 -5.0807213e+001
+1.0773525e+004 -1.0897717e+001 -5.0976795e+001
+1.0845204e+004 -1.0930036e+001 -5.1169277e+001
+1.0917359e+004 -1.0958936e+001 -5.1359531e+001
+1.0989995e+004 -1.1014953e+001 -5.1495667e+001
+1.1063114e+004 -1.1062528e+001 -5.1700489e+001
+1.1136720e+004 -1.1090792e+001 -5.1947590e+001
+1.1210814e+004 -1.1136300e+001 -5.2135109e+001
+1.1285402e+004 -1.1174232e+001 -5.2265274e+001
+1.1360487e+004 -1.1208597e+001 -5.2475113e+001
+1.1436070e+004 -1.1241885e+001 -5.2638336e+001
+1.1512157e+004 -1.1272543e+001 -5.2841793e+001
+1.1588750e+004 -1.1302938e+001 -5.3015957e+001
+1.1665853e+004 -1.1339489e+001 -5.3187847e+001
+1.1743469e+004 -1.1387601e+001 -5.3378006e+001
+1.1821601e+004 -1.1423865e+001 -5.3559891e+001
+1.1900252e+004 -1.1461199e+001 -5.3762432e+001
+1.1979427e+004 -1.1536025e+001 -5.3838482e+001
+1.2059129e+004 -1.1644216e+001 -5.4092484e+001
+1.2139361e+004 -1.1624906e+001 -5.4312145e+001
+1.2220127e+004 -1.1663119e+001 -5.4477180e+001
+1.2301430e+004 -1.1696358e+001 -5.4611778e+001
+1.2383274e+004 -1.1735971e+001 -5.4707657e+001
+1.2465663e+004 -1.1740046e+001 -5.4958481e+001
+1.2548600e+004 -1.1761962e+001 -5.5220135e+001
+1.2632088e+004 -1.1856950e+001 -5.5319668e+001
+1.2716132e+004 -1.1862836e+001 -5.5508667e+001
+1.2800735e+004 -1.1923641e+001 -5.5827412e+001
+1.2885901e+004 -1.1930642e+001 -5.5938435e+001
+1.2971634e+004 -1.1952429e+001 -5.6033951e+001
+1.3057938e+004 -1.1980086e+001 -5.6265751e+001
+1.3144814e+004 -1.2019031e+001 -5.6394367e+001
+1.3232271e+004 -1.2071598e+001 -5.6582077e+001
+1.3320308e+004 -1.2100766e+001 -5.6755264e+001
+1.3408931e+004 -1.2145258e+001 -5.6990559e+001
+1.3498143e+004 -1.2199645e+001 -5.7068287e+001
+1.3587949e+004 -1.2243207e+001 -5.7233631e+001
+1.3678353e+004 -1.2268162e+001 -5.7496449e+001
+1.3769357e+004 -1.2337195e+001 -5.7645763e+001
+1.3860968e+004 -1.2371224e+001 -5.7740765e+001
+1.3953188e+004 -1.2405121e+001 -5.7975277e+001
+1.4046021e+004 -1.2438693e+001 -5.8124054e+001
+1.4139474e+004 -1.2492496e+001 -5.8295086e+001
+1.4233546e+004 -1.2555323e+001 -5.8512440e+001
+1.4328245e+004 -1.2605666e+001 -5.8623997e+001
+1.4423574e+004 -1.2703506e+001 -5.8867538e+001
+1.4519537e+004 -1.2646958e+001 -5.8912830e+001
+1.4616139e+004 -1.2699789e+001 -5.9089767e+001
+1.4713384e+004 -1.2753084e+001 -5.9289906e+001
+1.4811274e+004 -1.2796359e+001 -5.9465584e+001
+1.4909817e+004 -1.2824385e+001 -5.9578495e+001
+1.5009016e+004 -1.2888241e+001 -5.9739864e+001
+1.5108874e+004 -1.2994208e+001 -5.9888439e+001
+1.5209396e+004 -1.3046540e+001 -6.0092396e+001
+1.5310588e+004 -1.3115567e+001 -6.0287838e+001
+1.5412453e+004 -1.3097223e+001 -6.0430641e+001
+1.5514995e+004 -1.3109165e+001 -6.0563522e+001
+1.5618220e+004 -1.3148444e+001 -6.0723423e+001
+1.5722132e+004 -1.3158735e+001 -6.0825626e+001
+1.5826734e+004 -1.3237205e+001 -6.0993816e+001
+1.5932033e+004 -1.3353267e+001 -6.1258720e+001
+1.6038032e+004 -1.3378117e+001 -6.1380436e+001
+1.6144737e+004 -1.3407635e+001 -6.1629929e+001
+1.6252151e+004 -1.3404463e+001 -6.1716923e+001
+1.6360281e+004 -1.3471691e+001 -6.1963737e+001
+1.6469129e+004 -1.3582793e+001 -6.2077614e+001
+1.6578701e+004 -1.3619337e+001 -6.2164684e+001
+1.6689004e+004 -1.3636098e+001 -6.2350292e+001
+1.6800039e+004 -1.3694765e+001 -6.2467091e+001
+1.6911814e+004 -1.3749702e+001 -6.2572144e+001
+1.7024332e+004 -1.3784836e+001 -6.2751450e+001
+1.7137598e+004 -1.3839040e+001 -6.2947956e+001
+1.7251619e+004 -1.3877747e+001 -6.3091370e+001
+1.7366398e+004 -1.3874612e+001 -6.3270805e+001
+1.7481939e+004 -1.3900841e+001 -6.3375172e+001
+1.7598252e+004 -1.3939219e+001 -6.3530674e+001
+1.7715336e+004 -1.4007621e+001 -6.3620155e+001
+1.7833201e+004 -1.4066211e+001 -6.3833710e+001
+1.7951848e+004 -1.4119084e+001 -6.3965107e+001
+1.8071287e+004 -1.4183856e+001 -6.4129631e+001
+1.8191518e+004 -1.4215573e+001 -6.4210709e+001
+1.8312551e+004 -1.4270211e+001 -6.4347717e+001
+1.8434389e+004 -1.4356706e+001 -6.4561127e+001
+1.8557035e+004 -1.4379979e+001 -6.4683250e+001
+1.8680500e+004 -1.4392311e+001 -6.4787964e+001
+1.8804785e+004 -1.4441868e+001 -6.4955040e+001
+1.8929898e+004 -1.4510965e+001 -6.5117050e+001
+1.9055844e+004 -1.4589517e+001 -6.5292542e+001
+1.9182625e+004 -1.4620751e+001 -6.5396126e+001
+1.9310252e+004 -1.4645641e+001 -6.5559250e+001
+1.9438727e+004 -1.4689175e+001 -6.5699387e+001
+1.9568057e+004 -1.4716442e+001 -6.5556381e+001
+1.9698248e+004 -1.4772841e+001 -6.5974731e+001
+1.9829305e+004 -1.4812787e+001 -6.6053162e+001
+1.9961234e+004 -1.4839651e+001 -6.6245308e+001
+2.0094039e+004 -1.4913092e+001 -6.6378647e+001
+2.0227730e+004 -1.4964997e+001 -6.6518417e+001
+2.0362309e+004 -1.5017259e+001 -6.6659431e+001
+2.0497785e+004 -1.5075719e+001 -6.6771935e+001
+2.0634160e+004 -1.5108169e+001 -6.6894997e+001
+2.0771445e+004 -1.5143914e+001 -6.7074242e+001
+2.0909641e+004 -1.5205333e+001 -6.7182930e+001
+2.1048758e+004 -1.5248352e+001 -6.7270912e+001
+2.1188801e+004 -1.5311264e+001 -6.7456299e+001
+2.1329773e+004 -1.5340074e+001 -6.7538422e+001
+2.1471686e+004 -1.5408849e+001 -6.7708588e+001
+2.1614541e+004 -1.5462886e+001 -6.7864532e+001
+2.1758348e+004 -1.5518956e+001 -6.7938354e+001
+2.1903111e+004 -1.5579577e+001 -6.8132385e+001
+2.2048836e+004 -1.5598881e+001 -6.8236420e+001
+2.2195533e+004 -1.5634664e+001 -6.8354156e+001
+2.2343205e+004 -1.5682976e+001 -6.8461212e+001
+2.2491859e+004 -1.5739987e+001 -6.8571709e+001
+2.2641502e+004 -1.5795773e+001 -6.8727737e+001
+2.2792141e+004 -1.5830701e+001 -6.8851662e+001
+2.2943781e+004 -1.5869391e+001 -6.9006073e+001
+2.3096432e+004 -1.5920182e+001 -6.9113365e+001
+2.3250098e+004 -1.6002472e+001 -6.9179260e+001
+2.3404785e+004 -1.6051311e+001 -6.9336067e+001
+2.3560504e+004 -1.6107058e+001 -6.9445770e+001
+2.3717256e+004 -1.6168446e+001 -6.9566353e+001
+2.3875053e+004 -1.6215918e+001 -6.9692520e+001
+2.4033898e+004 -1.6298939e+001 -6.9845917e+001
+2.4193801e+004 -1.6309797e+001 -6.9906166e+001
+2.4354768e+004 -1.6359005e+001 -7.0094765e+001
+2.4516805e+004 -1.6441149e+001 -7.0125977e+001
+2.4679922e+004 -1.6501682e+001 -7.0295624e+001
+2.4844123e+004 -1.6550859e+001 -7.0489479e+001
+2.5009416e+004 -1.6551178e+001 -7.0553734e+001
+2.5175809e+004 -1.6589670e+001 -7.0653893e+001
+2.5343309e+004 -1.6646952e+001 -7.0695374e+001
+2.5511924e+004 -1.6686287e+001 -7.0879089e+001
+2.5681660e+004 -1.6734795e+001 -7.0990974e+001
+2.5852525e+004 -1.6802181e+001 -7.1104652e+001
+2.6024529e+004 -1.6844650e+001 -7.1222946e+001
+2.6197676e+004 -1.6883083e+001 -7.1270500e+001
+2.6371975e+004 -1.6964172e+001 -7.1395454e+001
+2.6547434e+004 -1.7022276e+001 -7.1519081e+001
+2.6724059e+004 -1.7094549e+001 -7.1628685e+001
+2.6901859e+004 -1.7115229e+001 -7.1772949e+001
+2.7080844e+004 -1.7163258e+001 -7.1908066e+001
+2.7261020e+004 -1.7209963e+001 -7.1988457e+001
+2.7442393e+004 -1.7301432e+001 -7.2062973e+001
+2.7624973e+004 -1.7383528e+001 -7.2171333e+001
+2.7808768e+004 -1.7460356e+001 -7.2295120e+001
+2.7993785e+004 -1.7503782e+001 -7.2338219e+001
+2.8180033e+004 -1.7534536e+001 -7.2486412e+001
+2.8367521e+004 -1.7603687e+001 -7.2560394e+001
+2.8556258e+004 -1.7679045e+001 -7.2710487e+001
+2.8746248e+004 -1.7722050e+001 -7.2739944e+001
+2.8937504e+004 -1.7724005e+001 -7.2900375e+001
+2.9130031e+004 -1.7775997e+001 -7.2997475e+001
+2.9323840e+004 -1.7824116e+001 -7.3103622e+001
+2.9518938e+004 -1.7870436e+001 -7.3244431e+001
+2.9715334e+004 -1.7915127e+001 -7.3317780e+001
+2.9913037e+004 -1.7950916e+001 -7.3418991e+001
+3.0112055e+004 -1.8009165e+001 -7.3513168e+001
+3.0312396e+004 -1.8081615e+001 -7.3598190e+001
+3.0514072e+004 -1.8195055e+001 -7.3695808e+001
+3.0717088e+004 -1.8287708e+001 -7.3740669e+001
+3.0921457e+004 -1.8316893e+001 -7.3919571e+001
+3.1127184e+004 -1.8386827e+001 -7.4004349e+001
+3.1334279e+004 -1.8408815e+001 -7.4027428e+001
+3.1542754e+004 -1.8456978e+001 -7.4154152e+001
+3.1752615e+004 -1.8500090e+001 -7.4245720e+001
+3.1963871e+004 -1.8556244e+001 -7.4371460e+001
+3.2176533e+004 -1.8579435e+001 -7.4441376e+001
+3.2390611e+004 -1.8609676e+001 -7.4553329e+001
+3.2606113e+004 -1.8667189e+001 -7.4610832e+001
+3.2823051e+004 -1.8734930e+001 -7.4703499e+001
+3.3041430e+004 -1.8805145e+001 -7.4788193e+001
+3.3261262e+004 -1.8838751e+001 -7.4906288e+001
+3.3482555e+004 -1.8893364e+001 -7.4985046e+001
+3.3705320e+004 -1.8928122e+001 -7.5053444e+001
+3.3929570e+004 -1.8993021e+001 -7.5166679e+001
+3.4155313e+004 -1.9036327e+001 -7.5222549e+001
+3.4382555e+004 -1.9096321e+001 -7.5313728e+001
+3.4611309e+004 -1.9139771e+001 -7.5401390e+001
+3.4841586e+004 -1.9217001e+001 -7.5488327e+001
+3.5073395e+004 -1.9281586e+001 -7.5565491e+001
+3.5306746e+004 -1.9339277e+001 -7.5657852e+001
+3.5541648e+004 -1.9384804e+001 -7.5755005e+001
+3.5778117e+004 -1.9493750e+001 -7.5847878e+001
+3.6016156e+004 -1.9535023e+001 -7.5879021e+001
+3.6255777e+004 -1.9532866e+001 -7.6020149e+001
+3.6496996e+004 -1.9582136e+001 -7.6089905e+001
+3.6739820e+004 -1.9616640e+001 -7.6188278e+001
+3.6984258e+004 -1.9704679e+001 -7.6263290e+001
+3.7230320e+004 -1.9765465e+001 -7.6349968e+001
+3.7478023e+004 -1.9796402e+001 -7.6432472e+001
+3.7727371e+004 -1.9877388e+001 -7.6476425e+001
+3.7978383e+004 -1.9925335e+001 -7.6571945e+001
+3.8231059e+004 -1.9984735e+001 -7.6649902e+001
+3.8485418e+004 -2.0045898e+001 -7.6775513e+001
+3.8741473e+004 -2.0136003e+001 -7.6876526e+001
+3.8999227e+004 -2.0185383e+001 -7.6855835e+001
+3.9258695e+004 -2.0223389e+001 -7.6930573e+001
+3.9519895e+004 -2.0297895e+001 -7.7059891e+001
+3.9782828e+004 -2.0326033e+001 -7.7111259e+001
+4.0047512e+004 -2.0400402e+001 -7.7213409e+001
+4.0313957e+004 -2.0453674e+001 -7.7288002e+001
+4.0582176e+004 -2.0496763e+001 -7.7374657e+001
+4.0852176e+004 -2.0541151e+001 -7.7416367e+001
+4.1123977e+004 -2.0592237e+001 -7.7485054e+001
+4.1397582e+004 -2.0644798e+001 -7.7556839e+001
+4.1673012e+004 -2.0688459e+001 -7.7646324e+001
+4.1950270e+004 -2.0730396e+001 -7.7711166e+001
+4.2229375e+004 -2.0794804e+001 -7.7778046e+001
+4.2510336e+004 -2.0848873e+001 -7.7857285e+001
+4.2793168e+004 -2.0894068e+001 -7.7921158e+001
+4.3077879e+004 -2.0976788e+001 -7.8037361e+001
+4.3364484e+004 -2.1025101e+001 -7.8062065e+001
+4.3653000e+004 -2.1093130e+001 -7.8132141e+001
+4.3943430e+004 -2.1159628e+001 -7.8212547e+001
+4.4235797e+004 -2.1227011e+001 -7.8298233e+001
+4.4530109e+004 -2.1270180e+001 -7.8346367e+001
+4.4826375e+004 -2.1314489e+001 -7.8383377e+001
+4.5124617e+004 -2.1369404e+001 -7.8495430e+001
+4.5424840e+004 -2.1407696e+001 -7.8548195e+001
+4.5727063e+004 -2.1465214e+001 -7.8593582e+001
+4.6031293e+004 -2.1560669e+001 -7.8673668e+001
+4.6337551e+004 -2.1610420e+001 -7.8736160e+001
+4.6645844e+004 -2.1666752e+001 -7.8826843e+001
+4.6956188e+004 -2.1682331e+001 -7.8860878e+001
+4.7268598e+004 -2.1732826e+001 -7.8977814e+001
+4.7583086e+004 -2.1777355e+001 -7.8967728e+001
+4.7899668e+004 -2.1851233e+001 -7.9041733e+001
+4.8218355e+004 -2.1893353e+001 -7.9135452e+001
+4.8539164e+004 -2.1961573e+001 -7.9174515e+001
+4.8862105e+004 -2.2006348e+001 -7.9230835e+001
+4.9187195e+004 -2.2067801e+001 -7.9304749e+001
+4.9514449e+004 -2.2115093e+001 -7.9371086e+001
+4.9843879e+004 -2.2189396e+001 -7.9422775e+001
+5.0175500e+004 -2.2235886e+001 -7.9476883e+001
+5.0509328e+004 -2.2279808e+001 -7.9567886e+001
+5.0845379e+004 -2.2345676e+001 -7.9604172e+001
+5.1183664e+004 -2.2396578e+001 -7.9679436e+001
+5.1524199e+004 -2.2449368e+001 -7.9696449e+001
+5.1867004e+004 -2.2500935e+001 -7.9817436e+001
+5.2212086e+004 -2.2561514e+001 -7.9870712e+001
+5.2559465e+004 -2.2629709e+001 -7.9902061e+001
+5.2909152e+004 -2.2717833e+001 -7.9896484e+001
+5.3261168e+004 -2.2772482e+001 -7.9973953e+001
+5.3615527e+004 -2.2777067e+001 -8.0048180e+001
+5.3972242e+004 -2.2839148e+001 -8.0104034e+001
+5.4331332e+004 -2.2918184e+001 -8.0124107e+001
+5.4692813e+004 -2.2953360e+001 -8.0197762e+001
+5.5056695e+004 -2.3025661e+001 -8.0281700e+001
+5.5423000e+004 -2.3090208e+001 -8.0293327e+001
+5.5791742e+004 -2.3166166e+001 -8.0388237e+001
+5.6162938e+004 -2.3222708e+001 -8.0382240e+001
+5.6536602e+004 -2.3261141e+001 -8.0438347e+001
+5.6912750e+004 -2.3315956e+001 -8.0476494e+001
+5.7291402e+004 -2.3380219e+001 -8.0545876e+001
+5.7672574e+004 -2.3434847e+001 -8.0617638e+001
+5.8056285e+004 -2.3529345e+001 -8.0639984e+001
+5.8442547e+004 -2.3566179e+001 -8.0654961e+001
+5.8831375e+004 -2.3618500e+001 -8.0712402e+001
+5.9222793e+004 -2.3672461e+001 -8.0783577e+001
+5.9616816e+004 -2.3769245e+001 -8.0835289e+001
+6.0013461e+004 -2.3802319e+001 -8.0852753e+001
+6.0412742e+004 -2.3835232e+001 -8.0898209e+001
+6.0814684e+004 -2.3892782e+001 -8.0929367e+001
+6.1219297e+004 -2.3929089e+001 -8.1019608e+001
+6.1626602e+004 -2.3977665e+001 -8.1001366e+001
+6.2036617e+004 -2.4055807e+001 -8.1075226e+001
+6.2449359e+004 -2.4133348e+001 -8.1093430e+001
+6.2864852e+004 -2.4168076e+001 -8.1187469e+001
+6.3283105e+004 -2.4236368e+001 -8.1178642e+001
+6.3704141e+004 -2.4290054e+001 -8.1209221e+001
+6.4127977e+004 -2.4328835e+001 -8.1285927e+001
+6.4554637e+004 -2.4378582e+001 -8.1297356e+001
+6.4984133e+004 -2.4498985e+001 -8.1364716e+001
+6.5416484e+004 -2.4551861e+001 -8.1378242e+001
+6.5851719e+004 -2.4591663e+001 -8.1442230e+001
+6.6289844e+004 -2.4633511e+001 -8.1475296e+001
+6.6730883e+004 -2.4676949e+001 -8.1508896e+001
+6.7174859e+004 -2.4734175e+001 -8.1559830e+001
+6.7621789e+004 -2.4793417e+001 -8.1603310e+001
+6.8071688e+004 -2.4866367e+001 -8.1623970e+001
+6.8524586e+004 -2.4889221e+001 -8.1679161e+001
+6.8980492e+004 -2.4940456e+001 -8.1740807e+001
+6.9439438e+004 -2.5003660e+001 -8.1768707e+001
+6.9901438e+004 -2.5061176e+001 -8.1792351e+001
+7.0366500e+004 -2.5150082e+001 -8.1805725e+001
+7.0834664e+004 -2.5191902e+001 -8.1887688e+001
+7.1305945e+004 -2.5244074e+001 -8.1921227e+001
+7.1780359e+004 -2.5296967e+001 -8.1965431e+001
+7.2257930e+004 -2.5390022e+001 -8.1944160e+001
+7.2738680e+004 -2.5458105e+001 -8.1950241e+001
+7.3222625e+004 -2.5526621e+001 -8.2006020e+001
+7.3709789e+004 -2.5557629e+001 -8.2065010e+001
+7.4200195e+004 -2.5629002e+001 -8.2140762e+001
+7.4693867e+004 -2.5664904e+001 -8.2154434e+001
+7.5190820e+004 -2.5728735e+001 -8.2178017e+001
+7.5691086e+004 -2.5830873e+001 -8.2246147e+001
+7.6194672e+004 -2.5845320e+001 -8.2227028e+001
+7.6701617e+004 -2.5891438e+001 -8.2313553e+001
+7.7211930e+004 -2.5973293e+001 -8.2352280e+001
+7.7725633e+004 -2.6020487e+001 -8.2336212e+001
+7.8242758e+004 -2.6081226e+001 -8.2453873e+001
+7.8763328e+004 -2.6147253e+001 -8.2428291e+001
+7.9287359e+004 -2.6200438e+001 -8.2450523e+001
+7.9814875e+004 -2.6228493e+001 -8.2474434e+001
+8.0345898e+004 -2.6280155e+001 -8.2515022e+001
+8.0880461e+004 -2.6328636e+001 -8.2557663e+001
+8.1418570e+004 -2.6399872e+001 -8.2513672e+001
+8.1960273e+004 -2.6465651e+001 -8.2578926e+001
+8.2505570e+004 -2.6520369e+001 -8.2662865e+001
+8.3054500e+004 -2.6554667e+001 -8.2621384e+001
+8.3607078e+004 -2.6626314e+001 -8.2676270e+001
+8.4163336e+004 -2.6708124e+001 -8.2726860e+001
+8.4723289e+004 -2.6795553e+001 -8.2795830e+001
+8.5286977e+004 -2.6868944e+001 -8.2773468e+001
+8.5854406e+004 -2.6895935e+001 -8.2893501e+001
+8.6425617e+004 -2.6961210e+001 -8.2891815e+001
+8.7000625e+004 -2.6979099e+001 -8.2896782e+001
+8.7579461e+004 -2.7063564e+001 -8.2838295e+001
+8.8162141e+004 -2.7087545e+001 -8.2895927e+001
+8.8748703e+004 -2.7157764e+001 -8.2987831e+001
+8.9339172e+004 -2.7203245e+001 -8.2903687e+001
+8.9933563e+004 -2.7255611e+001 -8.3022430e+001
+9.0531914e+004 -2.7303642e+001 -8.3074059e+001
+9.1134242e+004 -2.7364002e+001 -8.3180038e+001
+9.1740578e+004 -2.7371174e+001 -8.2992020e+001
+9.2350945e+004 -2.7459139e+001 -8.3161201e+001
+9.2965375e+004 -2.7552256e+001 -8.3012901e+001
+9.3583898e+004 -2.7595766e+001 -8.3161179e+001
+9.4206531e+004 -2.7633659e+001 -8.2964104e+001
+9.4833305e+004 -2.7689945e+001 -8.3220642e+001
+9.5464258e+004 -2.7767487e+001 -8.3302795e+001
+9.6099398e+004 -2.7813936e+001 -8.3354828e+001
+9.6738773e+004 -2.7882959e+001 -8.3079971e+001
+9.7382398e+004 -2.8008127e+001 -8.3397423e+001
+9.8030305e+004 -2.8096788e+001 -8.3217789e+001
+9.8682516e+004 -2.8035120e+001 -8.3342354e+001
+9.9339078e+004 -2.8104393e+001 -8.3311867e+001
+1.0000000e+005 -2.8163582e+001 -8.3398300e+001
+1.0066532e+005 -6.4510217e+000 +1.8149060e+000

